-0.00646587
-0.0391093
-0.108908
-0.220926
-0.331333
-0.360346
-0.326078
-0.279539
-0.240194
-0.22971
-0.215645
-0.162023
-0.0890053
-0.00267386
0.110146
0.21737
0.25287
0.222266
0.166121
0.110127
0.0720971
0.0443354
0.0779236
0.154581
0.195978
0.238811
0.294008
0.316079
0.293877
0.261524
0.238512
0.184102
0.158998
0.273969
0.473522
0.65834
0.783792
0.784572
0.647826
0.480765
0.375234
0.351897
0.411137
0.50653
0.558713
0.528573
0.454601
0.376013
0.277808
0.194391
0.172074
0.136016
-0.00827376
-0.215058
-0.374213
-0.468525
-0.519762
-0.523711
-0.505948
-0.494606
-0.51318
-0.591324
-0.683462
-0.716666
-0.671585
-0.54655
-0.332206
-0.0660976
0.14494
0.255091
0.335221
0.443368
0.549646
0.571195
0.456838
0.258446
0.0803147
-0.0386607
-0.156586
-0.267961
-0.305401
-0.276437
-0.195782
-0.116892
-0.0994479
-0.0907364
-0.0634573
-0.0688185
-0.101955
-0.136939
-0.197319
-0.24179
-0.218231
-0.163643
-0.113947
-0.114425
-0.186969
-0.279973
-0.345255
-0.372692
-0.356224
-0.327852
-0.337789
-0.353378
-0.329181
-0.257792
-0.13641
0.0111091
0.114816
0.160692
0.211076
0.254033
0.180594
-0.0155417
-0.195956
-0.259159
-0.21793
-0.152018
-0.0856153
-0.0197964
-0.00773434
-0.0571446
-0.149524
-0.262586
-0.350193
-0.440963
-0.545876
-0.588593
-0.553024
-0.474936
-0.35494
-0.194817
-0.0381132
0.0761229
0.138664
0.181102
0.228859
0.219357
0.122311
-0.0119971
-0.163311
-0.338181
-0.465405
-0.464447
-0.407647
-0.352796
-0.284215
-0.203652
-0.0991035
-0.020428
0.0214566
0.0729901
0.104472
0.120033
0.15559
0.179328
0.118008
-0.0439434
-0.204291
-0.257394
-0.208898
-0.11091
0.00950043
0.146715
0.317854
0.479747
0.55212
0.555353
0.563143
0.589488
0.580393
0.509621
0.38498
0.209285
0.0143796
-0.15333
-0.263416
-0.295994
-0.248051
-0.189242
-0.169086
-0.167684
-0.180303
-0.136463
-0.00379148
0.117183
0.207679
0.278722
0.309325
0.326049
0.336396
0.330685
0.330498
0.386588
0.460411
0.503912
0.545411
0.569925
0.570221
0.54785
0.533657
0.532264
0.437125
0.265445
0.0926972
-0.0796378
-0.167967
-0.171975
-0.194838
-0.237033
-0.251026
-0.227114
-0.184096
-0.1375
-0.0894884
-0.0160942
0.0450661
0.0174073
-0.0706448
-0.18201
-0.298736
-0.322891
-0.221466
-0.105454
-0.050557
0.0202679
0.184033
0.380699
0.540985
0.673377
0.779566
0.817601
0.770475
0.668625
0.545995
0.402053
0.22341
0.05041
-0.0701973
-0.171302
-0.29908
-0.458573
-0.59295
-0.638817
-0.605316
-0.49324
-0.325844
-0.164046
0.0348419
0.283755
0.47428
0.563482
0.594577
0.597447
0.549271
0.46277
0.387931
0.307461
0.159698
-0.0769572
-0.333479
-0.505369
-0.540171
-0.464222
-0.321602
-0.156048
-0.0170361
0.0835681
0.155578
0.20234
0.238389
0.248753
0.240865
0.274536
0.285912
0.192326
0.0452888
-0.0511611
-0.076394
-0.0897697
-0.109835
-0.119461
-0.105355
-0.106847
-0.0986245
-0.00841267
0.131329
0.287791
0.433975
0.547723
0.632969
0.670358
0.628923
0.47584
0.274515
0.122426
0.00795638
-0.081968
-0.17866
-0.331442
-0.491762
-0.596204
-0.617395
-0.601443
-0.605813
-0.599242
-0.547422
-0.466251
-0.41844
-0.42245
-0.411156
-0.345017
-0.237051
-0.133795
-0.0982922
-0.134096
-0.177877
-0.174615
-0.127657
-0.0470564
0.0699452
0.183522
0.251481
0.322605
0.463999
0.611054
0.62977
0.499396
0.325148
0.144665
-0.0340864
-0.105272
-0.0595284
-0.00524764
0.0290915
0.0857657
0.157107
0.188606
0.173911
0.187074
0.231209
0.254386
0.251724
0.173734
0.050802
-0.0035731
0.000601416
-0.0128617
-0.0615791
-0.155305
-0.258323
-0.298433
-0.29599
-0.236648
-0.0872267
0.0712504
0.187443
0.280137
0.316972
0.286248
0.248981
0.218376
0.1931
0.19412
0.19133
0.131839
0.0366686
-0.00959262
0.0102972
0.0480467
0.0743617
0.0811268
0.0681755
0.0723708
0.145921
0.249291
0.31875
0.348271
0.316399
0.22765
0.137298
0.0628347
-0.0374247
-0.151811
-0.218695
-0.245407
-0.239118
-0.190254
-0.128083
-0.0681559
0.00158812
0.0638329
0.0935596
0.119855
0.165616
0.177433
0.139725
0.0989307
0.0851452
0.113422
0.130537
