-0.321951
-0.800874
-0.665742
-1.65194
1.16574
0.0762817
-0.126919
0.0962153
-0.710756
-0.369954
0.897374
-0.0665676
0.511022
0.655365
1.02816
-0.534972
-0.74526
0.379446
-0.94283
1.17559
-1.07334
1.09161
1.62645
-1.2885
1.18211
0.518985
0.115658
-0.237965
-0.185702
0.882919
-0.646701
-0.609796
3.09031
1.5915
1.08726
0.958008
-0.0253737
-1.73955
-0.191028
0.761438
0.671557
1.60443
1.22216
0.453827
-0.551727
-0.282671
0.510618
-0.471008
-0.444757
1.45437
-0.133781
-1.58124
-2.19275
0.245193
-0.47906
-0.39742
-0.13962
0.0372326
-1.0191
-0.0253469
-2.19566
-0.933874
-0.394165
0.277388
0.277814
1.26676
1.68232
0.44496
-0.826575
0.53326
1.25269
1.12825
0.102479
-1.4556
-1.28871
-0.366105
0.52062
-0.589407
-1.56883
1.32099
-0.452561
1.00037
0.437104
-1.30526
0.0551431
0.673866
-0.685732
-0.694317
0.320326
-1.03785
-0.681691
1.32581
-0.343829
0.454658
-0.488813
-1.54366
-0.478443
-0.561535
0.201081
-0.503047
1.01039
-2.05581
0.38899
-0.532222
0.964597
0.0682443
1.63185
-0.408516
-0.317511
0.475253
1.05348
-1.20793
-2.65005
-0.190414
0.24891
1.52319
-0.260697
0.0918142
0.670473
-0.618476
-1.014
-0.229921
-1.77664
0.505545
-1.03635
-1.55561
0.0585404
0.478398
-0.234531
0.530902
0.754179
0.681867
-0.20792
0.265347
-0.55227
1.50969
-0.719973
-1.15256
-0.626177
-0.694262
-1.27855
-1.27694
1.72934
0.0671332
-0.923767
1.06711
-0.958446
1.53424
-0.291629
-0.768654
1.3203
-0.557705
0.00894434
0.727161
0.290381
-0.639049
-2.10629
-0.782105
0.682497
1.07642
0.245634
0.927113
0.322814
1.45225
1.49913
-0.583315
0.0201611
0.601276
1.28333
0.147652
-0.514833
-0.029904
-1.33298
-0.532201
-0.859534
0.182305
-0.244132
1.14566
0.196432
-1.13353
0.439261
-0.995212
0.207316
2.44526
-0.437642
0.201666
1.14581
-1.01509
1.25432
-0.400828
0.832695
-0.533797
1.73071
1.1932
-0.686127
1.82921
-0.279439
0.806608
0.177877
-0.00487249
2.03099
-1.53862
-1.51745
0.811881
-2.16356
0.821655
1.30702
-1.4864
-0.0325261
-0.598763
0.932679
-0.633268
0.803789
-0.764305
1.0774
0.372814
-1.18589
-1.1511
0.0566488
-1.97805
0.915747
1.47646
0.661348
-1.14747
0.240486
2.23771
1.25768
0.545798
0.874114
1.34341
0.192075
-0.106516
-0.269777
0.161532
-0.232278
-0.764116
-0.929658
0.607867
-0.565111
-0.941179
-1.37134
-1.37356
0.686609
-0.364055
0.619051
1.2154
-0.26683
0.725452
2.89595
-0.335367
0.44761
-0.305473
1.11695
-0.400223
-0.417153
0.662979
-0.0217528
-0.684637
-2.16682
-1.40787
-0.540657
0.788313
0.698927
0.546187
1.02782
-0.199371
0.381571
-0.0618543
0.449231
-0.1855
1.03277
-1.56169
2.36192
-0.270255
-1.23211
-1.14503
-0.0412685
1.3018
-0.943306
0.419023
-0.825772
0.954672
-0.551671
-0.797515
2.17641
0.279476
1.30821
0.957491
0.210269
1.3534
-0.114082
0.546056
-1.55378
-1.22196
0.765226
-0.354102
-0.410171
0.384242
-2.62905
-0.360303
-1.07987
0.472329
0.0305479
-1.532
-0.0993477
-0.225783
0.524338
-0.6257
-1.34949
-0.0755759
0.501297
0.360896
0.660595
-0.936748
-0.85192
-0.669131
0.617255
0.283641
0.350976
1.0175
0.677656
-0.174162
0.161605
2.22808
1.44168
-0.448536
-1.86463
-0.392421
0.13423
-1.99763
1.30288
1.41933
-0.0116517
-0.392172
0.751406
0.731077
-0.12809
-0.556332
0.257586
1.86149
-1.45503
1.71803
-1.83623
-0.836934
0.574474
1.10951
-0.863487
-0.183801
-0.816182
-1.54122
1.14096
-0.481365
0.0305794
2.11302
0.341773
-0.0262034
0.720278
0.24032
-1.20641
0.734276
0.00840139
-0.0889939
0.761917
0.195517
-0.547957
-1.2074
0.651187
0.787448
0.203237
0.0917341
-0.089742
-0.118306
-0.210051
1.43359
1.16061
-0.372854
0.739723
-0.579779
-0.716811
-0.12226
0.207274
-0.565467
-1.43922
0.800345
-0.446126
0.0229575
0.584729
0.0833848
0.0226588
0.357492
0.548716
-0.576492
0.352011
0.606729
0.352751
-1.5227
1.14741
-1.0403
1.94526
-0.661416
-0.219559
